1313 145 192 255 3230 479 46 1086 106 280 3485 2031 790 1 306 247 883 312 53 888 72 361 33 3 56 579 378 5 484 0 51 102 1151 2032 569 80 331 380 795 80 477 0 30 99 33 260 213 175 16 401
280 906 263 0 587 0 86 20 1464 467 12 284 1306 77 71 1344 156 225 105 423 218 689 1250 11 757 349 68 0 744 37 1475 38 68 637 1192 357 29 151 2158 396 71 1402 2310 0 37 56 102 69 182 0
148 629 11 31 908 496 67 325 182 4220 14 375 390 204 2049 21 260 48 132 0 1729 0 181 57 170 934 46 341 778 146 343 1752 477 3243 1200 575 751 5 126 2951 654 102 626 86 337 89 454 740 584 2243
51 80 458 0 84 0 245 47 98 549 771 0 212 1663 271 37 382 3145 306 180 1 66 640 675 574 90 1028 0 29 5 224 364 126 962 758 2674 22 137 900 178 24 0 1292 12 13 18 60 0 1076 216
80 59 95 1056 17 1833 6 0 53 134 1369 576 1570 7 389 347 3736 4373 496 431 892 14 2748 0 277 510 1726 77 265 0 418 71 920 0 43 646 169 2195 61 1362 159 67 492 510 153 232 2608 92 327 0
125 337 913 62 173 0 1332 691 145 306 146 0 459 92 1402 7 97 128 140 99 944 34 21 0 1332 27 698 0 841 109 67 700 1937 7 1291 606 119 0 1067 173 790 108 6 5 50 0 364 226 21 188
1845 789 245 4 194 0 42 7 702 1635 4 182 242 2528 1088 339 141 23 86 97 12 0 1347 5 141 141 242 0 1444 35 609 0 1500 0 122 2481 102 0 1475 8 21 0 826 0 1529 1011 137 20 16 11
107 100 192 0 214 320 2257 100 870 0 75 0 18 93 10 9 67 1896 342 131 377 0 710 281 1 0 1409 24 105 471 22 0 213 1933 101 6 1239 98 150 111 14 9 498 1143 3002 216 1510 1996 128 163
330 510 338 381 1311 748 167 219 119 5 24 2089 31 84 228 0 1232 15 92 132 170 0 46 479 898 283 2341 324 428 120 71 80 36 371 444 1889 14 781 272 7 268 126 155 0 351 123 670 52 718 0
4 0 1357 264 247 46 227 519 1810 0 12 1021 1526 437 76 527 402 851 1095 0 561 255 1783 734 218 1690 614 517 567 661 1791 526 840 380 126 822 162 41 49 469 151 0 3425 820 174 0 681 200 229 1253
993 1123 120 1369 1978 19 74 1692 278 68 777 212 4810 857 7 1106 83 106 41 70 28 710 1464 0 11 476 1170 0 302 1065 351 163 311 0 163 0 397 161 25 12 76 0 680 193 202 440 5 0 377 183
1136 10 544 461 46 370 54 993 6 70 793 37 8 145 578 1240 342 3138 33 0 602 268 569 0 1044 211 100 8 260 127 831 296 21 594 352 145 2 420 180 264 1631 0 119 13 120 348 514 0 2126 1919
47 352 414 5 28 574 280 123 1224 0 2 6 810 132 13 273 108 0 2182 0 10 0 245 39 797 1979 1076 0 138 84 84 95 0 1405 558 0 106 286 1120 0 1126 552 648 1430 710 444 497 1582 862 0
192 52 3496 71 980 1091 462 363 1841 0 81 0 352 459 6 1154 5748 165 158 0 661 0 423 0 392 0 815 530 73 0 2614 131 612 19 216 1076 408 446 644 0 409 1220 1423 14 691 6 314 0 0 720
558 2780 230 0 1716 92 85 446 8 7 1139 4053 158 1487 788 811 80 365 229 0 515 0 134 23 1063 300 89 1046 72 88 575 2406 432 494 2439 6 76 1181 736 805 100 0 21 75 1253 2394 201 72 6 40
1295 2 336 562 90 811 377 1791 826 0 483 769 152 0 1332 339 78 461 185 420 357 40 154 0 41 314 210 455 162 207 76 0 484 0 62 67 1715 0 535 517 117 0 1118 31 613 36 0 123 12 71
24 756 170 0 128 0 596 4195 129 441 290 173 200 30 290 0 10 4944 5131 84 119 1585 192 1226 1317 102 505 435 76 635 661 744 974 2165 0 2149 102 0 923 675 1663 718 509 135 543 141 929 0 252 188
1194 314 635 0 806 9 75 0 2261 68 5 0 54 21 67 673 1619 3579 1462 119 53 878 317 0 75 15 246 389 129 3 40 1775 1511 36 2148 92 206 397 46 2481 999 2200 213 301 552 120 170 300 844 217
908 630 539 395 4131 0 1161 16 1268 173 22 523 307 6 140 2 490 4 149 1716 62 28 24 544 339 0 1015 1812 145 0 1263 68 3986 0 56 0 311 21 58 108 999 44 29 681 862 0 45 867 16 91
277 1358 75 0 511 408 94 3037 691 252 137 62 1646 101 360 1110 3445 392 684 532 0 1774 172 62 0 321 33 175 15 470 440 614 28 875 0 53 0 989 10 340 996 405 504 0 115 0 541 75 221 41
148 59 32 0 853 3223 468 1677 32 859 170 322 186 160 327 1193 91 81 294 20 6 5 391 1368 416 0 75 525 678 368 2167 102 382 8 530 5 404 0 454 443 1406 50 458 52 442 100 266 1415 246 0
348 35 452 3218 174 82 417 17 469 0 624 439 80 0 972 26 640 118 1015 0 151 702 458 1857 944 52 1404 0 459 1716 541 257 1 36 141 1039 94 36 2267 127 0 7 49 3195 0 1491 0 174 0 223
91 1566 145 1395 210 442 68 1487 527 848 72 158 3475 16 626 48 8 189 112 0 209 862 16 104 70 0 86 0 1258 1250 697 86 323 20 5 54 863 0 298 1019 5400 44 46 1755 119 320 412 234 1524 0
1549 578 492 1052 591 0 349 98 85 184 72 122 4 130 40 66 247 163 293 0 136 503 406 1911 1968 15 76 189 954 0 550 0 64 72 56 89 813 0 317 0 1577 333 1422 0 300 1397 86 1998 167 0
299 0 140 265 33 479 775 120 16 464 1893 20 0 810 18 819 0 11 0 1449 2213 384 701 88 315 406 50 296 317 214 5 743 224 2349 1648 41 0 379 80 96 782 425 15 3758 75 221 372 269 0 20
854 251 409 13 1528 21 29 1048 31 0 1716 88 8 0 468 461 681 0 703 0 417 330 242 28 141 0 58 40 44 2413 114 254 11 0 328 217 416 15 425 14 2130 68 399 747 975 437 921 301 535 0
63 1028 139 620 2617 137 1937 563 2358 0 218 67 1883 279 94 157 567 249 449 157 687 1156 428 551 974 2065 738 0 2183 126 102 54 476 244 290 84 24 0 102 0 496 159 364 0 513 15 130 9 2096 21
164 567 1513 41 1314 284 604 83 73 0 349 0 96 2089 94 0 877 592 619 131 144 92 862 309 8 397 11 844 142 0 272 66 378 17 1296 382 415 115 480 71 830 850 0 71 15 5 41 573 464 6
611 2104 10 116 238 17 448 11 1118 3 645 1143 449 0 607 407 213 0 148 9 2244 46 10 23 1604 36 1043 948 445 51 21 369 125 1069 712 3965 652 110 3224 2792 1204 771 577 23 190 132 1261 485 316 104
499 0 13 1094 676 404 730 70 111 785 5 1 2018 0 1576 925 236 24 1285 37 122 281 224 2352 5 1110 120 0 594 104 782 0 101 9 368 41 4 15 299 123 5 0 33 220 525 0 2 600 7 48
682 806 46 0 449 25 30 552 206 4195 253 2401 129 225 38 0 170 81 67 0 54 646 51 396 11 430 276 1582 19 252 680 397 5 1722 1253 1424 885 162 71 6 600 2140 269 438 299 0 44 0 176 929
487 604 1134 669 1247 380 33 16 111 0 252 0 597 784 404 0 49 148 6 859 295 1039 530 0 174 1462 536 247 98 29 587 3 1252 0 622 1106 378 0 357 0 198 7 459 279 12 258 751 0 96 40
2220 357 1288 0 17 471 42 301 255 781 1266 92 294 10 33 1878 0 195 707 1285 98 4 69 33 207 17 15 302 1521 39 196 383 67 1146 322 868 0 35 0 1594 0 47 106 145 0 361 1694 7 9 9
560 2 379 386 797 527 36 1750 6 46 1353 0 239 2368 30 731 774 1539 165 0 1275 16 3049 185 521 112 171 10 512 1995 19 0 110 3283 367 475 43 538 104 104 2 1275 363 72 346 990 1025 15 344 71
202 1790 818 580 173 86 240 10 76 235 44 0 20 541 1640 204 229 18 1250 797 164 0 1634 88 213 23 150 593 1260 0 216 17 1950 225 45 364 335 0 1142 50 805 263 689 816 1524 1325 633 1942 56 0
59 152 770 33 218 749 174 242 2847 1092 258 600 532 0 12 2162 526 86 21 0 0 2539 797 464 200 137 418 636 410 0 125 122 227 635 645 0 132 0 13 140 693 123 80 117 33 18 597 6914 1069 81
180 137 1760 0 587 0 622 2714 303 16 456 542 193 517 1 383 202 0 40 1748 258 203 73 0 255 123 645 332 622 170 113 0 263 1412 67 810 19 365 190 822 263 6 876 661 1323 0 73 3421 251 849
919 203 317 818 432 0 143 475 1367 774 475 353 719 0 297 47 96 236 514 4096 2056 275 591 0 310 127 454 0 157 452 1562 850 18 567 736 291 3954 6 144 0 59 0 1755 1 747 264 1726 33 568 377
40 395 154 0 135 44 156 163 170 0 585 199 361 0 339 738 23 14 137 289 748 0 298 0 1898 996 2504 855 150 134 215 1404 31 168 0 25 0 119 0 2277 371 301 448 378 364 95 0 728 241 1773
88 124 287 220 252 488 425 3184 2177 26 1555 162 37 21 1384 76 145 848 228 0 1014 0 728 1932 1555 0 148 934 1168 2 9 181 23 2355 659 0 580 84 690 91 435 9 369 0 3 268 1 39 537 1248
187 102 353 55 185 1034 76 125 68 845 91 13 16 104 915 915 104 0 328 289 102 0 93 996 762 417 404 63 7 441 43 1090 8 0 201 4177 76 205 17 548 454 0 412 180 62 62 76 403 7 2325
3703 838 322 361 30 0 4477 10 11 0 39 155 117 0 377 708 428 759 496 139 46 112 193 0 64 549 194 2447 1399 1996 0 377 686 1188 6 62 516 128 277 1 110 6 12 405 0 176 0 990 26 229
37 162 1052 2 21 75 652 0 283 0 1741 0 68 0 52 72 9 0 141 9 13 96 24 289 174 415 302 227 534 0 1968 228 780 343 104 122 121 728 115 302 561 43 5 277 219 0 67 44 17 277
309 196 414 122 125 752 972 88 170 23 11 1300 241 252 194 408 421 778 705 0 110 14 312 23 294 13 167 118 7 769 168 0 317 122 117 1 9 0 91 26 3265 329 155 294 848 384 32 38 269 1074
40 54 17 33 1396 516 350 107 34 593 139 162 1592 117 1113 0 49 0 779 1174 568 0 194 1359 399 0 159 2149 223 1787 384 25 5 169 433 645 91 94 221 134 5127 16 302 6745 992 204 1406 100 1987 35
5 0 469 0 106 0 9 484 336 0 220 33 1 621 626 166 13 224 99 291 41 0 26 1414 1795 458 79 0 409 70 64 0 269 195 94 95 194 265 240 41 17 1127 962 171 234 156 2 107 691 5
2455 1095 2767 810 342 0 1266 0 134 0 206 0 175 50 1243 244 50 251 1209 0 164 165 10 0 101 424 956 0 252 0 676 2708 46 2 953 63 1475 549 592 0 993 1363 20 83 1414 405 292 0 688 224
1361 365 334 260 86 0 121 5 24 436 8 143 14 1424 54 1086 758 3773 350 0 1347 171 716 0 1635 176 107 26 7 0 5 185 278 97 16 0 187 17 134 415 33 13 71 1 40 360 206 162 21 1404
448 405 176 32 1234 55 22 669 396 0 1 0 1242 517 1558 36 285 319 611 271 3794 155 1658 386 88 59 666 1153 21 880 186 0 811 749 2360 2158 483 0 650 697 23 0 85 0 357 79 399 836 634 0
1103 42 186 91 849 750 337 371 253 1 91 11 9 122 254 77 348 16 2170 0 1320 0 1319 0 972 1195 2132 813 67 226 4 1558 83 3036 425 255 1069 30 609 1720 154 369 1430 25 39 4 673 50 702 1344
127 785 17 0 117 62 710 62 166 24 183 467 415 0 74 440 157 2656 1 0 124 349 179 0 1520 2585 1619 283 5 127 1 165 158 9 996 39 18 6 12 628 497 1015 1056 0 36 3 220 9 1118 0
40 410 11 1248 29 1295 224 0 42 439 1017 13 1929 5 5 0 190 124 758 523 176 0 112 6 977 102 1266 92 194 306 30 273 7 255 275 110 105 721 299 6 421 0 3534 0 1245 0 72 894 6 88
554 272 432 0 445 287 471 477 50 292 72 69 167 3 45 260 183 0 483 0 280 1804 179 62 37 42 75 75 62 173 124 40 847 1412 242 337 0 102 431 23 109 144 679 37 115 981 539 886 13 1722
635 0 169 2174 63 0 3679 188 82 671 502 17 261 214 195 847 777 0 1 0 171 943 46 0 70 9 625 350 638 180 2736 63 161 284 20 665 369 173 754 340 5 264 35 0 1030 0 483 85 534 180
5489 936 1265 16 106 139 924 0 1084 0 1170 5 82 92 884 187 545 0 302 1091 404 2020 29 73 283 557 1362 300 268 2213 1835 59 535 424 480 384 631 84 53 40 913 111 1000 1178 126 647 6 0 131 497
75 190 61 102 35 0 558 0 3218 32 56 51 179 0 390 0 16 0 0 898 555 439 40 1582 600 123 122 36 13 0 568 783 13 25 213 1056 664 184 1022 1285 189 0 560 34 430 0 1057 0 1362 51
76 841 26 1134 656 2524 2152 163 16 106 747 0 360 0 16 229 1 0 614 1153 74 1 53 2161 28 651 1351 0 103 0 579 591 1 1532 126 1605 133 2319 1143 428 340 497 7 180 76 426 2089 53 382 30
1765 184 613 159 334 0 730 512 137 0 269 279 19 10 1295 41 67 276 134 205 239 84 34 419 2667 0 159 1084 122 189 200 285 1897 0 926 910 1072 35 299 160 794 748 1432 165 215 229 0 144 0 141
1600 0 312 1229 175 559 1381 688 640 154 39 91 213 1014 36 83 194 1325 112 531 418 670 3 514 103 1249 0 229 1777 60 306 2565 1411 900 0 83 0 71 0 969 16 269 30 15 0 900 590 110 136 713
63 2 410 13 303 16 128 5 390 187 942 603 545 32 200 185 130 180 419 0 17 0 186 360 718 9 806 126 64 215 1194 448 368 24 969 127 642 0 1329 215 4 509 798 319 1439 7 1636 15 331 0
192 201 1109 0 52 0 389 2388 695 520 1258 125 2883 38 1039 65 437 118 417 340 2406 665 457 0 296 1706 128 16 4340 0 56 224 6 1755 1918 4 989 124 224 260 136 0 591 1452 743 185 205 0 409 720
59 613 774 3586 1260 0 335 597 3 236 6 53 766 6 119 257 152 716 31 171 45 0 537 68 174 646 384 2865 1052 28 2690 513 793 0 1126 0 332 0 1221 997 272 291 7 93 370 32 1576 229 221 689
41 398 129 0 217 644 287 0 363 1742 1747 0 1690 1404 33 862 1207 1582 26 0 900 0 702 17 409 1226 171 1889 118 306 173 195 359 1162 418 1967 1273 0 205 2815 382 50 658 1095 182 365 112 0 960 289
3620 28 516 815 763 4 12 2043 72 8 278 85 969 89 862 257 740 538 0 411 853 769 239 2273 0 317 1421 22 308 510 110 2298 11 55 1221 16 190 37 3 0 550 872 1457 970 343 163 48 0 442 0
2403 1995 274 253 1262 1223 22 46 218 1936 7 0 429 1813 1485 249 1619 153 1023 37 433 0 2274 0 634 7 500 19 145 0 252 1013 596 1247 604 2023 12 510 1018 702 691 0 4242 112 1325 11 1464 0 194 405
292 3081 126 862 382 289 13 346 138 294 988 0 162 748 50 0 596 55 2139 346 693 0 186 1813 298 132 591 19 285 1897 45 71 612 871 538 704 1437 0 242 17 13 1021 4387 870 2382 0 9 173 3 0
44 1786 55 7 7 112 457 320 200 140 291 13 175 27 3216 593 392 484 44 57 34 16 701 47 4 1065 45 1357 592 0 689 466 194 424 45 1288 261 1253 142 3037 1610 377 761 316 14 1265 285 0 10 1
743 459 1042 0 186 0 4377 375 13 28 65 1860 398 1419 614 343 1618 173 223 688 356 2354 547 590 65 106 849 484 329 2033 1388 67 213 135 32 122 9 28 538 0 105 39 1582 148 461 99 50 271 309 163
28 872 1164 276 884 1453 328 0 76 89 212 89 33 0 1190 1188 1383 38 497 262 410 1489 594 11 56 16 4 1297 5 232 3591 43 2967 688 38 396 0 1113 15 29 9 153 252 70 125 98 19 1000 488 13
3048 21 1398 395 301 382 273 0 549 280 67 14 142 467 73 23 1763 0 939 845 204 314 75 464 1765 917 9 0 36 245 128 0 423 21 870 700 593 0 2173 820 803 1187 361 1404 1582 0 14 0 1069 168
387 7 84 142 547 3809 558 1651 254 468 173 227 0 19 3666 2304 1156 1365 1149 64 704 12 465 416 9 350 296 184 10 594 2774 19 29 0 77 253 1126 173 240 774 119 9 245 21 22 766 1 1791 1404 91
517 2120 7 144 1265 0 6 9 12 62 482 44 2033 336 743 136 63 1491 129 0 116 180 296 167 104 0 294 0 54 0 19 136 7 585 383 0 9 295 125 32 1653 0 446 0 36 46 1122 167 29 0
102 55 9 1187 542 154 1084 0 168 85 1436 488 1175 35 12 411 846 30 688 163 59 218 129 440 0 468 381 174 713 0 1898 9 18 223 538 111 157 343 57 501 809 33 9 524 18 820 340 10 6 68
1536 2212 542 159 532 0 97 1715 65 0 185 103 139 211 169 780 99 0 349 0 266 622 205 186 324 250 535 26 656 0 298 390 504 260 8 0 565 48 176 254 337 4 59 112 851 39 2064 562 358 240
203 447 105 229 2470 137 153 410 77 1946 1991 381 103 0 1415 0 242 511 2130 46 288 182 24 1698 5 8 119 485 7 183 63 380 293 339 691 0 1407 0 229 1147 92 162 93 495 341 103 202 236 1149 0
460 0 9 45 932 0 455 567 215 0 751 437 1277 859 2464 20 17 39 98 2175 92 189 1035 209 534 343 239 149 551 36 157 88 11 91 452 100 1412 13 2 2406 1235 1074 752 0 396 0 151 1101 794 1506
1511 134 621 29 80 30 354 2079 49 0 537 121 562 0 89 226 1272 1549 462 810 18 106 986 1084 114 0 231 954 214 21 0 141 1785 459 171 3291 48 8 83 235 0 56 3 478 91 773 42 43 279 772
3130 339 2179 4 408 71 0 446 843 394 0 5 862 1056 760 32 0 6 0 348 84 215 1842 1705 2176 164 632 44 737 370 250 683 57 120 0 1310 0 92 92 504 2656 412 0 1144 48 260 1 156 83 1396
5 31 247 0 1037 1888 907 2022 171 40 30 0 3371 16 500 277 1037 694 174 837 189 42 171 57 72 332 1548 117 12 902 626 728 1636 655 680 271 140 6 384 150 441 0 138 1427 27 591 3088 0 247 0
633 6 396 0 448 458 720 0 1271 139 324 200 49 39 443 102 251 853 165 364 2613 0 1770 1133 29 0 171 781 339 3021 187 132 101 1056 152 13 9 0 331 22 23 0 1985 292 204 0 54 933 112 2742
685 241 1576 29 425 3 1276 96 28 50 4 551 1519 624 107 539 273 1126 1755 0 23 0 514 26 899 131 554 305 535 5 389 0 1235 40 15 950 48 952 281 1404 2158 1574 4 82 743 306 303 2707 221 212
2727 1330 61 123 1720 9 56 42 772 1788 134 16 625 0 410 137 78 677 543 0 923 0 193 181 221 0 301 256 200 1271 715 3 12 204 46 0 124 0 368 53 86 1332 343 53 131 485 37 176 3433 0
1897 1604 19 0 10 0 111 3096 39 25 97 0 29 270 18 0 205 123 1642 389 348 188 602 308 316 8 371 39 15 759 3586 283 0 1006 305 554 121 462 1211 496 1023 202 404 396 101 528 1779 510 545 159
791 341 36 956 296 551 243 14 221 750 1183 29 1200 671 157 1467 687 28 618 316 637 165 1079 107 341 257 1069 137 13 104 232 310 645 10 14 0 212 559 5 876 278 136 175 77 748 71 464 20 99 0
475 425 157 0 171 4 5 43 493 212 29 0 430 156 142 958 49 633 141 1253 92 169 150 312 2470 2780 1399 40 4 107 291 710 1150 166 1346 893 341 0 797 64 406 9 334 24 5 0 11 1489 28 1641
360 29 325 0 545 0 415 458 32 642 145 0 365 1755 388 200 949 50 440 152 195 0 310 0 190 352 119 0 893 1195 6 1268 214 303 41 2812 27 552 46 556 36 3 126 549 1182 5 214 2242 923 0
812 2 646 155 72 9 158 123 15 444 273 80 688 0 19 0 2 0 54 43 448 270 62 140 76 419 67 488 521 48 200 128 153 520 119 17 705 50 453 809 115 0 1 254 670 665 1211 1360 17 10
88 122 2103 0 434 1245 1406 100 202 0 6 161 1052 646 818 73 1344 42 154 782 758 0 983 0 2248 0 444 49 85 21 50 1234 880 5 364 3 205 1565 1228 854 650 0 26 0 545 384 206 1463 531 2355
484 335 0 0 560 38 955 1922 117 32 1395 97 142 420 521 592 1320 0 61 656 25 0 742 442 314 0 16 68 303 1457 75 122 1243 395 365 0 50 0 124 0 504 415 370 0 509 755 91 1424 335 28
64 1650 180 0 62 17 72 365 190 0 2613 296 221 0 59 620 126 25 1285 911 24 612 15 673 149 288 329 145 34 292 141 36 841 19 1446 268 55 16 24 40 19 565 4191 171 15 1554 157 264 159 281
1063 1618 59 0 1906 520 1051 9 115 2 4 288 26 16 184 361 2164 68 194 5 2277 0 689 0 89 204 419 160 5 21 105 357 176 449 221 11 354 53 166 180 1733 135 59 1823 717 902 1635 234 371 0
893 15 559 395 8 0 471 0 363 0 542 1489 34 145 29 1110 1306 64 1166 0 72 159 344 163 312 11 336 1489 1076 344 972 407 1955 6 220 845 513 1047 288 651 267 106 200 0 97 161 90 438 112 27
75 1092 1204 3641 306 3 3 3093 258 492 702 173 210 0 1212 484 163 2995 27 2732 2098 0 368 6 1220 132 178 16 168 0 49 97 244 0 10 0 187 1517 68 0 111 0 924 35 282 309 1325 0 644 188
88 155 1060 9 251 0 26 420 24 8 464 6 232 1122 186 0 716 251 325 2969 55 1193 62 157 464 655 112 1690 1991 667 164 140 13 0 1367 480 29 1786 209 24 294 154 8 443 725 3678 3244 99 1510 1125
137 0 55 18 52 264 35 0 18 1090 156 176 2735 1 91 1661 869 0 48 1756 335 29 15 161 671 1 11 314 285 10 719 1292 439 0 216 154 2656 0 232 1559 40 0 124 99 64 804 1756 0 245 0
20 227 2 105 142 106 656 203 739 0 1614 163 430 260 24 0 245 125 337 0 3526 180 690 2184 271 0 1384 309 171 242 1052 68 926 9 214 184 64 0 145 538 485 132 658 3 1114 38 13 1738 171 127
1449 18 535 83 363 299 261 128 1449 20 41 253 950 47 329 0 91 0 209 7 11 0 168 111 2546 0 43 0 241 865 13 2330 951 1004 63 0 1161 100 169 0 37 0 415 0 2 11 404 29 4009 1786
434 25 221 0 571 264 125 67 590 440 716 0 159 223 117 505 309 526 174 31 291 36 274 454 2117 3250 201 0 50 467 170 0 1663 639 168 46 316 501 302 1568 603 15 116 0 12 92 356 162 105 387
75 509 169 13 382 843 171 82 14 1093 149 183 731 1252 196 716 0 37 0 209 0 185 294 4 0 2253 0 674 36 3097 335 4637 0 561 0 84 0 278 691 13 481 33 77 1281 0 20 0 302 1900 176
1135 4033 142 1868 15 172 52 88 891 397 31 73 46 16 33 0 1133 26 302 92 276 1977 101 97 221 34 189 317 163 283 425 3 2753 0 96 5 170 96 424 25 1637 463 294 0 1183 123 220 0 32 441
